tree
version=v4
num_class=1
num_tree_per_iteration=1
label_index=0
max_feature_idx=16
objective=lambdarank
feature_names=user_activity_count user_booking_count user_average_price restaurant_rating restaurant_popularity restaurant_price reservation_availability cuisine_affinity price_match distance_km previous_visits previous_clicks previous_bookings hour weekday weekend meal_period
feature_infos=[0:546] [0:121] [0:4] [3.2200000000000002:4.8799999999999999] [0.123:0.99099999999999999] [1:4] [0.20131866127760251:0.81285908281389141] [0:1] [0.049787068367863944:1] [0.24830983187634623:14.998863060774188] [0:93] [0:25] [0:35] [10:20] [0:6] [0:1] [0:3]
tree_sizes=3392 3405 3406 3405 3426 3411 3404 3408 3398 3409 3409 3409 3412 3430 3417

Tree=0
num_leaves=31
num_cat=0
split_feature=12 9 3 8 1 8 3 0 9 12 1 9 3 9 3 3 12 0 9 6 9 6 9 2 9 6 14 2 8 6
split_gain=117.177 56.8653 29.0505 27.4757 25.5647 11.508 11.1771 11.0722 10.754 10.4053 14.1421 9.44948 8.88447 12.773 8.36497 6.80977 5.84336 5.62048 5.11545 6.31732 5.00453 4.86624 7.005 5.08171 4.67528 4.3175 4.25763 4.14551 4.05006 4.01177
threshold=1.0000000180025095e-35 5.0804870578518058 4.7250000000000005 0.459726298698172 3.5000000000000004 0.2114772160618936 4.7350000000000012 45.500000000000007 8.4638814231061463 2.5000000000000004 11.500000000000002 9.6443797029435299 3.6900000000000008 1.5294407943270392 3.2800000000000002 4.0450000000000008 6.5000000000000009 78.500000000000014 9.4936200840079632 0.3347380013859379 5.3986926720992034 0.33865878752552186 2.7783435522346851 2.3735465116279078 2.5006800269207079 0.22903126410616806 4.5000000000000009 2.1857366771159881 0.82051447739285022 0.33542237449736539
decision_type=2 2 2 2 2 2 2 2 2 2 2 2 2 2 2 2 2 2 2 2 2 2 2 2 2 2 2 2 2 2
left_child=1 4 7 5 12 -2 -4 18 20 10 -5 16 13 -1 -15 -6 17 26 19 -3 -8 23 -23 -17 -12 -14 -7 -19 -26 -21
right_child=3 2 6 9 15 11 8 -9 -10 -11 24 -13 25 14 -16 21 -18 27 -20 29 -22 22 -24 -25 28 -27 -28 -29 -30 -31
leaf_value=0.059256916930748388 -0.028095392685925171 -0.0076123781346159785 0.024220871045157119 0.044008248993921528 -0.042116762284106685 0.017258620375557723 -0.053143593764104151 -0.063009690498501802 -0.030367160215506978 0.062336233873165864 0.051013796858291154 -0.037581573388829614 0.05820979740051925 0.023374132329327953 -0.037490591374347564 0.039758372688185939 0.063820658489433621 0.034210059104580533 -0.043230958820787924 -0.096631249205188716 0.0091013090332670091 0.0060465016636526347 -0.048236459095960381 -0.015786666937403042 -0.047163468542292419 0.019220529580071661 0.05169490820080809 -0.023731072342712576 0.01970299740711455 -0.03225639612117534
leaf_weight=6.0085951075889161 16.346868086606264 33.310972328064963 23.184352363925427 58.687926577171311 24.076471036067232 28.527589658973739 3.52255044132471 37.368340767454356 49.798201533267274 55.506629391340539 2.3203753149136892 6.8258524090051642 7.4976143185049287 7.7510409934911904 20.777377826627344 8.3563859043642896 8.161993306130169 4.2995455078780642 65.464678543852642 2.5386030226945868 38.77742171776481 11.130930444225671 12.751915005501358 8.1180328004993481 7.5864389969501627 134.01718509336933 13.096479269675909 10.94683555793017 3.2281820811331272 51.868970758048818
leaf_count=41 161 500 369 586 316 263 44 650 811 488 23 101 60 119 191 87 60 41 1119 17 387 146 191 114 130 1468 99 167 40 831
internal_value=-2.2982e-10 -0.0123166 -0.026621 0.031219 0.00587493 0.00977019 -0.00680901 -0.0386072 -0.0146203 0.0460773 0.0335119 0.0183841 0.0157373 -0.0069992 -0.0209539 -0.021072 0.0242583 0.0185804 -0.0326543 -0.0247609 0.00391783 -0.00851704 -0.0229371 0.0123877 -0.0133861 0.0212862 0.0280936 -0.00739142 -0.0272037 -0.0352601
internal_weight=761.854 546.32 305.834 215.535 240.486 88.2052 115.283 190.552 92.0982 127.33 71.8229 71.8583 176.052 34.537 28.5284 64.4337 65.0324 56.8704 153.183 87.7185 42.3 40.3573 23.8828 16.4744 13.135 141.515 41.6241 15.2464 10.8146 54.4076
internal_count=9620 7461 4728 2159 2733 892 1611 3117 1242 1267 779 731 1879 351 310 854 630 570 2467 1348 431 538 337 201 193 1528 362 208 170 848
is_linear=0
shrinkage=0.05


Tree=1
num_leaves=31
num_cat=0
split_feature=7 9 4 12 3 4 2 0 6 9 7 7 9 3 9 1 9 4 9 3 9 4 5 0 4 4 7 6 2 6
split_gain=280.893 126.475 99.3636 71.1465 52.266 35.144 30.5222 27.6541 27.4501 27.3699 27.9306 26.0447 25.5909 21.6599 21.4696 21.7484 20.7892 20.7671 25.5745 19.6301 18.0864 18.2986 16.959 25.0574 16.191 15.5252 17.3678 16.6287 15.3561 15.2263
threshold=0.34481902128032454 4.4672962679647839 0.77800000000000014 1.0000000180025095e-35 4.705000000000001 0.9275000000000001 1.6770833333333337 47.500000000000007 0.34899053749687331 1.8832231324047666 0.50016559537651517 0.25013884723648233 2.456651769850732 4.0750000000000002 2.5973539905681071 12.500000000000002 3.568102069693436 0.9275000000000001 8.4638814231061463 4.4350000000000014 1.8832231324047666 0.75800000000000012 1.5000000000000002 92.500000000000014 0.77800000000000014 0.93900000000000017 0.39623557264926362 0.61727323869610939 3.1742424242424243 0.67256766136115187
decision_type=2 2 2 2 2 2 2 2 2 2 2 2 2 2 2 2 2 2 2 2 2 2 2 2 2 2 2 2 2 2
left_child=1 2 6 12 7 11 20 17 -8 -5 22 14 -2 -12 15 -4 -16 -3 -19 29 21 -1 -11 25 -6 27 -27 -24 -26 -18
right_child=3 4 5 9 24 -7 8 -9 -10 10 13 -13 -14 -15 16 -17 19 18 -20 -21 -22 -23 23 -25 28 26 -28 -29 -30 -31
leaf_value=0.0058161979824381694 0.03957431871695067 -0.03172339726889277 0.024389913952686547 0.056952989031752388 -0.031132387276801444 0.042867079821194032 -0.014540769031136457 -0.053396211811674255 -0.05375192765533951 0.049198121712230571 0.014271702519310906 0.045773174055711317 -0.014787978677515037 0.044552742857880502 -0.017318994222635307 -0.056251559229450271 -0.017398484079415744 0.012750007232135012 -0.036925211160552342 0.035577317295044701 -0.012410778733187765 0.068211985237880135 -0.012759631201615005 -0.058059412339670158 -0.0046475182999141341 0.083230065407143089 0.011567230773283779 0.037100660917418524 -0.045753144213452057 0.054624278590016812
leaf_weight=65.971741870045662 26.474329747259617 348.05623420327902 167.92201992124319 107.76272724941373 77.743709146976471 110.81315346807241 118.72573753260076 112.92767734825611 71.52201297134161 25.693364582955837 77.150052525103092 49.312189029529691 118.7658559428528 251.78356862254441 118.85128242895007 8.7989565879106504 50.07927305996418 66.195169053971767 42.574302257969975 50.946233153343201 151.96597462520003 14.296600222587584 61.989415157586336 14.155587799847124 476.72268863022327 14.068556770682333 21.187781065702438 22.899198982864618 23.85755005851388 8.5982308313250524
leaf_count=144 64 2004 367 148 396 205 407 787 338 47 165 99 622 405 313 41 153 280 297 102 423 19 133 43 1415 17 40 37 91 18
internal_value=-1.53976e-10 -0.00920667 0.00391035 0.0265043 -0.0204925 0.0176193 -0.0144336 -0.0312407 -0.0292819 0.0341433 0.0291158 0.0114637 -0.00487884 0.0374504 0.00728823 0.0203748 -0.00283395 -0.0257639 -0.00669376 0.0128704 -0.00226974 0.0169295 0.0119806 0.00486044 -0.00990359 0.0122737 0.0401633 0.000690474 -0.0066066 -0.00684472
internal_weight=2877.81 2135.88 987.803 741.93 1148.08 565.321 422.482 569.753 190.248 596.69 488.928 454.508 145.24 328.934 405.196 176.721 228.475 456.826 108.769 109.624 232.234 80.2683 159.994 134.301 578.324 120.145 35.2563 84.8886 500.58 58.6775
internal_count=9620 7899 2629 1721 5270 1298 1331 3368 745 1035 887 1093 686 570 994 408 586 2581 577 273 586 163 317 270 1902 227 57 170 1506 171
is_linear=0
shrinkage=0.05


Tree=2
num_leaves=31
num_cat=0
split_feature=12 9 7 4 4 9 4 1 1 1 1 4 4 9 9 9 6 13 4 6 7 6 14 6 10 1 9 7 9 9
split_gain=179.672 146.743 69.8282 65.2578 58.7872 43.8446 34.2252 26.4741 25.729 24.4564 23.2609 22.6702 21.3651 28.1049 19.7634 16.9778 24.1279 15.7847 12.6913 20.0917 12.2391 11.5964 13.0112 11.43 11.1428 13.7605 10.4713 10.1398 12.2727 11.9462
threshold=1.5000000000000002 4.4672962679647839 0.20283348719747676 0.68300000000000016 0.96750000000000014 8.5044135168241013 0.87750000000000006 2.5000000000000004 15.500000000000002 4.5000000000000009 6.5000000000000009 0.68950000000000011 0.77800000000000014 2.1005973257876347 0.81720589100232777 3.3176476823275514 0.22955526385860753 17.000000000000004 0.85000000000000009 0.46234740390004447 0.34778583342794384 0.35227236512219728 4.5000000000000009 0.66867834367459511 1.5000000000000002 1.5000000000000002 2.356007724005508 0.50016559537651517 3.0594143863129015 3.568102069693436
decision_type=2 2 2 2 2 2 2 2 2 2 2 2 2 2 2 2 2 2 2 2 2 2 2 2 2 2 2 2 2 2
left_child=1 3 -2 7 5 8 9 14 11 18 -6 -3 13 -4 -1 -8 -17 21 24 -20 -15 -16 -23 -18 25 -5 -14 -28 -29 -30
right_child=2 4 12 6 10 -7 15 -9 -10 -11 -12 -13 26 20 17 16 23 -19 19 -21 -22 22 -24 -25 -26 -27 27 28 29 -31
leaf_value=0.049598931281143462 -0.022797006618963118 -0.039455246634399296 0.03245648175529945 0.014511601119948337 0.015951543308769515 -0.038099272001022214 0.036635540144170288 -0.058288206007204461 -0.064699334873126998 -0.019047653436386168 -0.042069469315927636 -0.0079541292877649532 0.04798965681308915 -0.078065836000804481 0.012312603601845544 0.066941669201258616 -0.010945071038446304 -0.060176335649439062 0.0043883027486367283 -0.064539136708239117 -0.010236680076081382 -0.043253928859965762 0.037844021900145887 0.035355590578069279 0.035607123447771546 -0.024925519758810018 0.020111158489335371 -0.010081291773930655 0.079078847609830805 0.035507493735707107
leaf_weight=12.144180506467817 75.457498643547297 67.272323848679662 48.041557811200619 216.65734727680683 129.26531931385398 393.75025294069201 175.59085369482636 40.119354512542486 25.141410605981946 86.060539621859789 19.938534170389175 378.23729258775711 88.778833858668804 8.2028724700212461 35.483591768890619 15.699041415005921 61.713661387562752 18.010114867240191 54.961463572457433 13.090429976582525 35.14262593537569 27.531973116099834 6.0287981927394858 17.001591749489307 54.022834446281195 24.633812468498945 178.16386348754168 13.531204894185064 17.118546739220619 194.14622663334012
leaf_count=19 380 431 97 528 350 2663 339 276 211 411 85 1706 141 38 108 23 177 71 162 46 81 102 16 41 139 118 420 35 31 375
internal_value=-3.84281e-11 -0.00790098 0.0224625 0.00730644 -0.0207851 -0.0257878 0.0133719 -0.0240152 -0.015488 0.00491899 0.00819803 -0.0127108 0.0283192 0.0061185 -0.010154 0.0274418 0.0103434 -0.0184896 0.0105953 -0.00887055 -0.0230729 -0.00761563 -0.0286856 -0.000944659 0.015081 0.0104854 0.0324451 0.0290203 0.0360814 0.039038
internal_weight=2530.94 1872.35 658.583 858.75 1013.61 864.401 719.432 139.318 470.651 449.426 149.204 445.51 583.126 91.3871 99.1987 270.005 94.4143 87.0545 363.366 68.0519 43.3455 69.0444 33.5608 78.7153 295.314 241.291 491.739 402.96 224.796 211.265
internal_count=9620 8022 1598 2576 5446 5011 1984 592 2348 1404 435 2137 1218 216 316 580 241 297 993 208 119 226 118 218 785 646 1002 861 441 406
is_linear=0
shrinkage=0.05


Tree=3
num_leaves=31
num_cat=0
split_feature=12 9 7 4 4 1 1 6 4 4 7 8 8 2 4 9 9 9 9 7 9 4 8 4 6 5 9 9 9 9
split_gain=151.801 120.951 61.9788 42.54 42.5131 33.0393 30.5339 19.5207 19.1506 16.7614 16.275 24.0045 21.2589 25.2433 19.9517 19.7801 18.5776 15.5847 14.9475 12.5399 12.3419 11.6842 10.2648 24.5983 9.72546 9.51906 8.83737 15.507 8.82471 18.051
threshold=1.0000000180025095e-35 4.5115261463055161 0.17964218435382956 0.93900000000000017 0.76500000000000012 5.5000000000000009 5.5000000000000009 0.61727323869610939 0.76500000000000012 0.96750000000000014 0.57714591619994338 0.50931076802643749 0.28416492194158777 2.1939799331103687 0.87450000000000017 8.2255026914720784 2.5973539905681071 8.4638814231061463 1.4193759304876439 0.34778583342794384 1.105176953400856 0.85000000000000009 0.41056267547342701 0.87750000000000006 0.231093769957322 3.5000000000000004 1.8832231324047666 1.8045352953890574 2.0713746020228085 3.6699558393828631
decision_type=2 2 2 2 2 2 2 2 2 2 2 2 2 2 2 2 2 2 2 2 2 2 2 2 2 2 2 2 2 2
left_child=1 3 -2 5 -3 8 9 -5 26 17 14 12 -12 -14 15 21 -15 -6 -10 -8 -16 -4 23 -20 -7 -24 27 -1 -27 -30
right_child=2 4 10 7 6 24 19 -9 18 -11 11 -13 13 16 20 -17 -18 -19 22 -21 -22 -23 25 -25 -26 28 -28 -29 29 -31
leaf_value=-0.00093830381292464018 -0.018127230166839547 -0.039851173116527069 0.015285524428902166 0.055621524959382843 -0.0057315384821098811 0.02539103998092981 -0.043961907433348671 -0.016030144132196406 0.037258406899046942 0.0081993966553525876 0.058244839299531698 0.04516182210337033 0.048154946242184624 0.051647644897280798 0.063234854444849178 -0.034631948125516662 -0.027803623107559503 -0.025922512116548987 -0.053370370537831294 -0.0011008632701314544 0.024054732680135082 -0.044075296033664148 0.018119689557834547 0.019675741909095698 -0.035150319733004358 0.025048676956245044 -0.012182995989298152 0.058530371128456209 -0.056772883642704011 0.023552701502918532
leaf_weight=72.377329595386982 101.675388276577 231.61140189971775 162.32966493070126 57.22929223626852 231.76027258113027 7.367022953927516 104.15853536687791 11.399048149585722 57.075920522212982 107.68534481152892 21.340788811445236 164.41004076227546 21.415098652243614 8.6943508088588697 22.587723478674889 25.90064824000001 47.848932977765799 162.63663104921579 20.43023007363081 20.408838205039501 182.47853402979672 8.7358033284544927 194.90027924627066 26.441757615655661 66.627490920946002 13.713702321052549 146.2084644716233 12.918701618909834 16.968860425055031 11.898342758417128
leaf_count=208 559 1757 432 93 1066 25 730 27 102 305 45 316 47 15 37 107 124 1153 103 122 439 38 514 72 433 24 617 23 56 31
internal_value=-4.25139e-13 -0.00889045 0.0182325 0.00629001 -0.0215468 0.00231928 -0.0147815 0.0437203 0.00638002 -0.00928401 0.0237856 0.0334382 0.0140273 0.00192297 0.017454 0.00608872 -0.0155868 -0.0140576 0.0139073 -0.0369397 0.0283704 0.0122541 0.00922023 -0.0121631 -0.0291227 0.0134407 -0.00472143 0.00806866 -0.00797594 -0.0236647
internal_weight=2341.23 1573.82 767.417 715.556 858.261 646.928 626.65 68.6283 572.934 502.082 665.742 263.709 99.2992 77.9584 402.032 196.966 56.5433 394.397 341.429 124.567 205.066 171.065 284.353 46.872 73.9945 237.481 231.504 85.296 42.5809 28.8672
internal_count=9620 7461 2159 2328 5133 2208 3376 120 1750 2524 1600 547 231 186 1053 577 139 2219 902 852 476 470 800 175 458 625 848 231 111 87
is_linear=0
shrinkage=0.05


Tree=4
num_leaves=31
num_cat=0
split_feature=12 9 7 3 8 12 1 3 9 0 7 3 9 5 6 9 7 0 8 1 6 13 1 7 2 9 3 0 1 13
split_gain=127.878 107.385 61.3565 44.8205 29.4227 21.5841 19.9883 19.3629 15.8243 15.0103 16.5383 13.9554 13.1286 13.0462 13.1211 11.9235 11.8514 11.5767 11.1829 13.5653 10.9546 10.8288 10.5855 10.3489 10.8328 10.0619 14.7615 10.0672 9.54579 9.31948
threshold=1.0000000180025095e-35 4.5115261463055161 0.17964218435382956 4.7250000000000005 0.38851013739206397 4.5000000000000009 16.500000000000004 4.7250000000000005 11.678396940843099 19.500000000000004 0.18954939232780343 4.7650000000000006 10.354574063281964 1.5000000000000002 0.67084474899473079 2.0216669676382932 0.74397779711596823 10.500000000000002 0.4811722772276758 9.5000000000000018 0.23232467097634513 18.500000000000004 5.5000000000000009 0.24528012224343385 2.5393939393939395 7.1340709990479683 4.0750000000000002 17.500000000000004 6.5000000000000009 11.500000000000002
decision_type=2 2 2 2 2 2 2 2 2 2 2 2 2 2 2 2 2 2 2 2 2 2 2 2 2 2 2 2 2 2
left_child=1 4 -2 9 13 6 16 18 22 25 -11 -9 20 -1 28 -13 -4 -10 -6 23 -8 -17 -5 24 -20 26 27 -3 -15 -26
right_child=2 3 5 8 7 -7 12 11 17 10 -12 15 -14 14 -16 21 -18 -19 19 -21 -22 -23 -24 -25 29 -27 -28 -29 -30 -31
leaf_value=-0.038667372455861181 -0.019685456870207396 -0.044341711313704131 0.01679183557128389 0.0037376510465254517 0.040570732153895506 0.039892268537711696 0.059055264073739136 0.044660783057251248 -0.0073482570337595537 -0.054074529294076648 -0.021117812398224751 0.038935946570894241 -0.086751842575675642 0.011146421907129842 -0.063527967361828599 0.0069036875798979009 0.036972923509305602 -0.045711485615267722 0.0050259696116313228 -0.065760756400406489 -0.016171389288945178 -0.067243640382764716 -0.022703685543672629 0.0432130604087341 -0.00022582650142574071 -0.032074109992481684 -0.0016020882272818192 0.031901617408309206 -0.035284598124277609 -0.07943830091613556
leaf_weight=41.102328564971685 96.794255297631025 41.802399650216103 339.43717234581709 216.03024295344949 21.790326189249754 146.46495771035552 5.7598632834851733 63.30399564653635 39.456981984898448 109.42539784498513 58.372968951240182 29.333022072911263 5.5512526743113986 60.052682314068079 8.3558130748569948 47.036298748105764 92.592090889811516 39.203671354800463 342.42390691302717 6.893495336174964 30.283543892204762 5.4998895004391661 45.892547007650137 16.935572747141123 7.6707592904567701 169.24492732901126 87.315042912960052 4.8298172838985911 13.571326583623884 7.1970115527510643
leaf_count=289 559 295 893 945 75 311 19 132 197 963 432 61 36 212 55 164 203 272 1055 55 138 28 291 56 30 1273 442 23 78 38
internal_value=-7.92097e-11 -0.00838272 0.0173381 -0.0206193 0.00641376 0.0231174 0.0179299 0.0113748 -0.00680151 -0.0306113 -0.0426097 0.0270312 -0.015174 -0.0156776 -0.00415119 0.0133994 0.021117 -0.0264681 0.00573359 0.0037418 -0.00414991 -0.000858621 -0.000895242 0.00502208 0.00321183 -0.0239709 -0.0137323 -0.036445 0.00258766 -0.03857
internal_weight=2199.62 1482.74 716.883 811.574 671.166 620.089 473.624 548.084 340.583 470.991 167.798 145.173 41.5947 123.082 81.9798 81.8692 432.029 78.6607 402.911 381.121 36.0434 52.5362 261.923 374.227 357.292 303.192 133.947 46.6322 73.624 14.8678
internal_count=9620 7461 2159 5133 2328 1600 1289 1694 1705 3428 1395 385 193 634 345 253 1096 469 1309 1234 157 192 1236 1179 1123 2033 760 318 290 68
is_linear=0
shrinkage=0.05


Tree=5
num_leaves=31
num_cat=0
split_feature=9 7 4 1 12 3 9 7 8 4 9 1 4 4 9 9 4 9 3 6 9 1 3 2 6 13 7 4 3 7
split_gain=98.0404 71.6916 47.2419 45.0954 24.7736 24.0759 30.5558 23.1564 22.4286 18.9305 18.8526 16.2042 14.7265 14.4431 14.2395 13.9234 12.0703 11.2118 10.5957 14.5096 10.569 10.2621 10.3039 10.4811 10.0205 9.9305 9.87188 13.9957 12.9482 12.2961
threshold=8.6698819795655933 0.17964218435382956 0.96750000000000014 3.5000000000000004 3.5000000000000004 4.0450000000000008 4.5998947308753015 0.59357579387606607 0.8002143870520334 0.87750000000000006 6.7290861479431046 16.500000000000004 0.77800000000000014 0.68950000000000011 4.3611608206957362 7.4785660452416058 0.75150000000000017 1.3055577397879188 4.7250000000000005 0.46049156074894299 4.6831501976809768 12.500000000000002 4.0750000000000002 3.2361111111111116 0.46750481893978429 13.000000000000002 0.43432166806010314 0.65550000000000008 4.3850000000000007 0.37878078483906819
decision_type=2 2 2 2 2 2 2 2 2 2 2 2 2 2 2 2 2 2 2 2 2 2 2 2 2 2 2 2 2 2
left_child=1 3 7 5 8 6 16 -2 9 11 -10 26 20 -5 18 -12 25 -18 19 -14 -7 22 -15 -24 -19 -1 27 -3 -29 -30
right_child=2 4 -4 13 -6 12 -8 -9 10 -11 15 -13 14 21 -16 -17 17 24 -20 -21 -22 -23 23 -25 -26 -27 -28 28 29 -31
leaf_value=-0.01022220701665387 -0.033536908335531905 -0.069130149011656483 0.0091650010719419445 -0.051041838631342401 0.034432822896192865 0.0037379898698566699 -0.048940326742702399 0.0045127904811308522 0.044168831975589434 0.02051311417250572 -0.083175681650261624 -0.06339899649196544 0.021536512272372285 -0.031559300381184728 0.0044707715989001267 0.021284109355779554 0.038882419391864362 -0.010770514161298364 0.037587743977080479 -0.03067971378396463 -0.02423722341544899 -0.032811791018190019 0.0044154666191605595 -0.073166956074116871 0.022857089009576122 -0.068632653296577195 0.010983052049397805 -0.032334977355479237 0.016612850578151341 -0.050241145673300396
leaf_weight=24.120342873036861 317.18388679437339 9.2472187355160695 106.2678190395236 36.628962732851505 179.22370851412416 143.948676019907 43.058285518549383 45.754120297729969 78.42916676402092 158.95178712904453 5.2870516702532759 10.266264732927082 85.4868417493999 34.677195265889168 181.38219379261136 8.0423434823751432 20.981835283339024 76.746205393224955 82.032248839735985 15.756152261048554 44.106877664104104 65.429568886756897 86.027704816311598 4.5853658989071837 31.142627786844969 10.420188112184404 113.90066882409155 28.771096594631672 54.64389356598258 7.8682014495134345
leaf_count=94 2624 76 339 343 421 519 368 187 193 465 23 91 198 239 746 32 40 281 156 62 311 473 423 37 85 59 385 146 176 28
internal_value=1.97121e-10 0.00576234 -0.0201552 -0.00275044 0.0185911 0.00309954 -0.0114688 -0.0287401 0.012619 0.00730775 0.0348256 -0.00203378 0.00854163 -0.0222852 0.0144026 -0.0201495 -0.00159518 0.00544001 0.0242319 0.0134103 -0.00282337 -0.0167623 -0.0083808 0.000489501 -0.00106375 -0.0278435 0.000904188 -0.0105151 -0.00457729 0.00819815
internal_weight=2110.37 1641.16 469.206 986.531 654.631 759.182 206.469 362.938 475.408 383.649 91.7586 224.697 552.713 227.349 364.657 13.3294 163.411 128.871 183.275 101.243 188.056 190.72 125.29 90.6131 107.889 34.5405 214.431 100.53 91.2832 62.5121
internal_count=9620 6470 3150 4434 2036 2919 927 2811 1615 1367 248 902 1992 1515 1162 55 559 406 416 260 830 1172 699 460 366 153 811 426 350 204
is_linear=0
shrinkage=0.05


Tree=6
num_leaves=31
num_cat=0
split_feature=12 9 7 4 4 9 8 7 9 8 2 1 4 4 9 4 14 8 9 9 0 4 8 4 9 1 9 2 7 5
split_gain=86.7625 78.6629 37.9825 30.4211 25.9722 21.0948 19.1379 15.2837 15.9777 13.6843 13.2324 12.814 12.4486 11.309 17.4949 10.8108 10.4451 12.0973 9.84286 9.01924 8.59569 8.26888 11.5524 8.16098 8.08259 7.65805 7.44324 7.38591 7.24177 7.14825
threshold=1.0000000180025095e-35 4.5115261463055161 0.17964218435382956 0.96750000000000014 0.9275000000000001 8.2883832076317976 0.38851013739206397 0.57714591619994338 0.6116815779187269 0.71710591454901029 3.4807692307692313 13.500000000000002 0.75150000000000017 0.9165000000000002 7.3342914260622889 0.96750000000000014 1.0000000180025095e-35 0.62489647506040313 2.456651769850732 0.6116815779187269 26.500000000000004 0.68300000000000016 0.44679092578887453 0.69900000000000007 1.8045352953890574 5.5000000000000009 8.0593033807618628 2.3623737373737379 0.61355879518692513 3.5000000000000004
decision_type=2 2 2 2 2 2 2 2 2 2 2 2 2 2 2 2 2 2 2 2 2 2 2 2 2 2 2 2 2 2
left_child=1 4 -2 5 6 11 10 8 -4 15 -1 23 19 14 21 16 -9 24 -14 -8 -16 22 -10 26 -18 -7 -3 -6 -27 -20
right_child=2 3 7 -5 27 25 12 9 13 -11 -12 -13 18 -15 20 -17 17 -19 29 -21 -22 -23 -24 -25 -26 28 -28 -29 -30 -31
leaf_value=-0.023971287238548602 -0.016480088973382864 -0.035323366169863056 0.053538620535533224 0.0055931492242403567 0.038387771705487107 -0.027025338021273118 0.04143418280811749 -0.028671427956538438 -0.058408418175259491 0.044692732542690808 0.036012287661586151 -0.053024921140090102 0.02355911652195624 0.023202487625627585 0.0035810574967265005 0.060167388256520675 0.061835946043717782 -0.019816719606283725 0.0076400898305218337 -0.0076904958569378404 -0.052903887334732294 0.01195675419063567 0.037693331592064623 -0.0077315664472270944 0.020325280203413672 -0.047855350753665482 0.049167796226680653 -0.0072505103312892859 0.015840614318882475 -0.032234185735063418
leaf_weight=90.168325206264853 85.246221207082272 44.41994937043637 22.724927246570587 112.25401988998055 68.945561997592449 210.68295171950012 9.9485467374324781 12.586374327540396 9.7133996449410898 89.452315337955952 10.238131549209355 19.555727917701006 119.22375388070941 112.790089443326 10.585421301424505 14.472519204020498 13.898287519812582 16.488706365227699 153.87755747325718 153.63576040789485 18.517692433670163 185.65192896872759 4.6119436211884013 255.2528926404193 75.046622276306152 84.606754893437028 2.7691254951059809 10.173229441046713 4.710775200277566 12.125361189246176
leaf_count=568 559 399 42 384 140 1836 21 34 56 191 35 206 280 296 43 29 24 44 492 698 104 499 13 1428 225 831 16 31 33 63
internal_value=-8.76674e-12 -0.00725026 0.0147057 -0.0183636 0.00573645 -0.0226872 0.00187816 0.0192382 0.0129409 0.0295829 -0.017855 -0.0137993 0.00629278 0.0102423 0.00386126 0.0193815 0.0143801 0.0195194 0.0125991 -0.00470293 -0.0323591 0.00913249 -0.0274691 -0.011263 0.0268116 -0.0322268 -0.0303653 0.0325195 -0.0444959 0.00472755
internal_weight=2034.37 1362.59 671.786 734.252 628.336 621.998 549.217 586.54 364.595 221.945 100.406 321.998 448.811 341.87 229.08 132.493 118.02 105.434 285.227 163.584 29.1031 199.977 14.3253 302.442 88.9449 300 47.1891 79.1188 89.3175 166.003
internal_count=9620 7461 2159 5133 2328 4749 2157 1600 1053 547 603 2049 1554 1011 715 356 327 293 835 719 147 568 69 1843 249 2700 415 171 864 555
is_linear=0
shrinkage=0.05


Tree=7
num_leaves=31
num_cat=0
split_feature=12 9 7 3 4 6 7 3 9 4 0 4 7 8 0 4 4 9 2 9 3 9 3 4 13 9 9 8 3 3
split_gain=77.246 66.2914 34.7459 29.7008 22.7027 14.6607 14.2159 15.366 14.3431 12.9229 11.9621 11.8986 11.7185 10.5528 9.84217 9.73024 9.66397 10.2771 8.98232 8.71808 8.64594 14.9752 15.0951 11.3175 9.81051 7.78296 7.75343 9.22354 8.92028 8.43042
threshold=1.0000000180025095e-35 4.5115261463055161 0.17964218435382956 4.7250000000000005 0.93900000000000017 0.61727323869610939 0.49759435650831002 3.7350000000000008 0.6116815779187269 0.6605000000000002 19.500000000000004 0.71600000000000008 0.20000132261737805 0.78021421307059013 77.500000000000014 0.70550000000000013 0.82400000000000007 10.905688252253251 2.8954081632653064 1.1242381705305091 4.0750000000000002 1.4193759304876439 3.7800000000000002 0.88400000000000012 10.500000000000002 5.7101739892778491 4.4279914331046468 0.22449903976732358 4.830000000000001 4.0450000000000008
decision_type=2 2 2 2 2 2 2 2 2 2 2 2 2 2 2 2 2 2 2 2 2 2 2 2 2 2 2 2 2 2
left_child=1 4 -2 10 9 -6 8 -8 -4 19 11 -3 -12 18 20 -10 17 -5 -9 -1 21 22 -11 24 -23 -13 -17 -28 29 -29
right_child=2 3 6 16 5 -7 7 13 15 14 12 25 -14 -15 -16 26 -18 -19 -20 -21 -22 23 -24 -25 -26 -27 27 28 -30 -31
leaf_value=0.014878101941681814 -0.016037712068777691 -0.038066472588948463 0.054232463715407159 -0.0099525132567671922 0.0473796546083603 -0.018270978118367216 -0.0046302552672479727 0.029338969544314471 -0.031912301276262697 0.051289114615451339 -0.048307969862130623 0.0019412218249510481 -0.018012296742776875 0.047659816386528366 -0.045478069589842081 0.018507830085355139 0.00034702477915822755 -0.049616722250225995 -0.0050542076244066711 -0.027756725457010162 0.011649035320736991 -0.084744462229224909 -0.027188452752688986 0.0054524884605938332 -0.016541403624395511 -0.020049994433465595 -0.051550146660640422 -0.038269512303783643 -0.045056845710918475 0.012839481746586065
leaf_weight=15.468009714037178 83.039615616202354 67.104742321185768 18.194060996174812 71.470260666683316 46.30414155125618 10.416973121464251 33.239907316863537 134.76512288115919 14.194641049951313 22.319292187690738 93.198801428079605 56.714186587370932 48.544895701110363 71.600034803152084 9.4622469469904882 143.32440171577036 211.70439707674086 21.167908150702715 22.096476651728153 53.330956354737282 277.88737217150629 5.6612962558865538 8.4464072063565236 76.780822211876512 76.792413666844368 138.4516344787553 7.6955135334283105 8.7720302790403348 8.2893278300762159 100.60841903463006
leaf_count=59 559 659 36 442 93 27 98 358 79 44 984 302 411 161 71 369 1057 206 66 360 941 33 31 261 408 1072 45 40 37 311
internal_value=-9.27226e-12 -0.00697146 0.0141544 -0.0173431 0.0052149 0.0353228 0.0186093 0.0271329 0.0112004 0.002088 -0.0262291 -0.0199043 -0.0379322 0.0317543 0.00500789 0.00843279 -0.00554679 -0.0190158 0.0244941 -0.0181712 0.00602888 -0.00219094 0.0297439 -0.00836107 -0.0212242 -0.0136595 0.0105642 0.00148257 0.00495087 0.00874067
internal_weight=1957.05 1311.23 645.82 708.357 602.87 56.7211 562.78 261.702 301.078 546.149 404.014 262.271 141.744 228.462 477.35 282.884 304.343 92.6382 156.862 68.799 467.888 190 30.7657 159.235 82.4537 195.166 268.69 125.365 117.67 109.38
internal_count=9620 7461 2159 5133 2328 120 1600 683 917 2208 3428 2033 1395 585 1789 881 1705 648 424 419 1718 777 75 702 441 1374 802 433 388 351
is_linear=0
shrinkage=0.05


Tree=8
num_leaves=31
num_cat=0
split_feature=9 12 7 1 1 7 9 2 12 7 6 6 8 6 7 9 8 8 8 1 8 5 6 6 7 7 8 2 10 8
split_gain=66.3099 60.3993 22.3268 24.9076 17.513 15.206 12.0249 10.9416 12.2354 10.6303 10.4983 10.1666 9.06289 9.06205 8.32033 8.5848 8.29838 8.29148 8.18627 8.18064 8.12326 7.86403 7.84892 10.4476 7.73956 14.1328 8.49875 7.68065 7.86692 7.49393
threshold=4.3611608206957362 1.5000000000000002 0.24240145968945456 12.500000000000002 9.5000000000000018 0.49759435650831002 5.3067457901774029 3.5751879699248126 4.5000000000000009 0.45995463154544564 0.6694760027718758 0.22903126410616806 0.78683561640011612 0.33433917183729756 0.90173554330793981 11.678396940843099 0.46593535560054877 0.4016047792513856 0.52683332727486165 5.5000000000000009 0.29748120025777947 1.5000000000000002 0.31280278554750257 0.23574788579815495 0.31009276840901906 0.42858203378563092 0.42761083851010562 3.2198067632850247 3.5000000000000004 0.39487034885997857
decision_type=2 2 2 2 2 2 2 2 2 2 2 2 2 2 2 2 2 2 2 2 2 2 2 2 2 2 2 2 2 2
left_child=2 4 3 11 10 12 19 8 13 -6 14 -1 24 18 15 -2 -10 21 29 -7 -12 -13 23 -20 -3 26 -26 28 -19 -4
right_child=1 5 7 -5 9 6 -8 -9 16 -11 20 17 -14 -15 -16 -17 -18 27 22 -21 -22 -23 -24 -25 25 -27 -28 -29 -30 -31
leaf_value=0.038648365024059494 -0.0087682995090085578 -0.024213426438262024 0.024998646809523701 -0.030647864391442171 -0.041718179780518234 -0.055493685237186952 0.02981553200185625 0.071081692811749198 0.01630376347290504 0.013480600093266529 0.0057279959420782475 -0.03679568293989062 0.019432195394921508 0.0078596035450240239 0.026484349546897948 -0.023752401514382133 0.059118158549312474 0.0073871138555809557 0.043898039137187504 0.015896860321559365 -0.040927997816133356 0.00041327260948072491 0.061492519340318408 -0.024410410406502204 -0.020631296102345612 -0.046793980269838477 0.041782681233108313 -0.044917890785016186 0.035552829454967426 -0.022901076368206871
leaf_weight=24.599512860178947 475.73416190687567 43.684105083346367 26.673164401203394 47.227077640593052 83.703743882477283 7.2786665186285999 116.37923654541373 10.433631040155886 18.625397272408009 9.7367783673107606 11.417836507782338 19.988704290241003 38.806318966671824 167.73491483926773 14.554692588746546 119.62555425986648 28.845053642988205 394.66109752841294 17.254130534827713 8.9432985670864564 51.006664315238595 49.034166479483247 24.159212596714497 8.285848028957842 7.4892424819991019 9.1841614842414838 20.072302415966988 6.6708654835820189 26.453224727883935 11.768112223595379
leaf_count=62 3000 282 89 316 866 20 308 20 50 65 81 181 111 571 61 1008 58 1351 49 24 434 251 48 26 34 39 52 39 86 38
internal_value=1.69429e-11 -0.00869807 0.0100308 0.00412275 -0.0156836 0.0125434 0.024194 0.0207374 0.0190058 -0.0359663 -0.0128648 0.00727214 -0.000413059 0.0146806 -0.010866 -0.0117791 0.0423196 0.00571854 0.0276611 -0.0161355 -0.0323943 -0.0103623 0.0410625 0.021737 -0.00998813 0.00692321 0.0248231 0.00831317 0.00915641 0.010335
internal_weight=1900.03 1017.62 882.414 568.635 765.779 251.837 132.601 313.779 303.346 93.4405 672.339 521.408 119.236 255.875 609.914 595.36 47.4705 496.808 88.1405 16.222 62.4245 69.0229 49.6992 25.54 80.4298 36.7457 27.5615 427.785 421.114 38.4413
internal_count=9620 6385 3235 2286 5515 870 352 949 929 931 4584 1970 518 821 4069 4008 108 1908 250 44 515 432 123 75 407 125 86 1476 1437 127
is_linear=0
shrinkage=0.05


Tree=9
num_leaves=31
num_cat=0
split_feature=11 1 9 7 4 4 7 7 9 9 6 9 4 8 8 1 4 14 9 9 4 2 0 4 13 6 6 7 6 10
split_gain=61.4715 50.1269 34.7178 27.5652 19.0457 14.3065 12.6806 11.4495 11.8956 9.31126 9.28504 9.16485 8.9674 9.9711 8.73689 7.53154 7.41695 6.96775 8.46601 6.79163 10.5968 12.2304 9.43153 8.25869 12.2039 6.94545 13.8655 6.80358 9.0302 11.8399
threshold=1.0000000180025095e-35 5.5000000000000009 4.5115261463055161 0.17964218435382956 0.96750000000000014 0.75150000000000017 0.53780091357446169 0.49759435650831002 0.6116815779187269 8.2883832076317976 0.67084474899473079 11.87724034234299 0.96750000000000014 0.71710591454901029 0.28416492194158777 19.500000000000004 0.96750000000000014 5.5000000000000009 7.8468200015473437 7.3342914260622889 0.96750000000000014 2.3693957115009749 53.500000000000007 0.72500000000000009 18.500000000000004 0.67084474899473079 0.33433917183729756 0.2781171099845044 0.66867834367459511 18.500000000000004
decision_type=2 2 2 2 2 2 2 2 2 2 2 2 2 2 2 2 2 2 2 2 2 2 2 2 2 2 2 2 2 2
left_child=1 2 5 10 9 -1 -3 8 -5 -4 11 15 13 14 -9 -2 -7 18 -6 23 21 -21 -22 24 -10 26 -23 -25 29 -29
right_child=3 6 4 7 17 16 -8 12 19 -11 -12 -13 -14 -15 -16 -17 -18 -19 -20 20 22 25 -24 27 -26 -27 -28 28 -30 -31
leaf_value=-0.0057324101299413973 0.0070346353199918915 -0.037757442281776264 -0.010063787177509031 0.048954372412075071 -0.022903621119758546 0.010295053558167675 0.023085121603278427 0.038758764149062389 -0.025111895626085196 -0.025230033234572759 -0.052273924824286805 -0.039989830381703152 0.049203413954275799 0.033048593015543942 0.0064733406682565458 -0.02204909537509487 0.038310840826241498 0.04438658563396574 0.014874552408881135 -0.063063683998160397 0.041893830082065632 0.027704627734625471 -0.012533157910271471 0.028317540695040801 0.044981333660849158 0.059359154570038652 -0.055684282443525426 0.0076729342705824412 0.036985626428561541 -0.051348573933824498
leaf_weight=161.08511580899358 95.030737314373255 142.58551433682442 222.58808562811464 18.166265264153481 21.32979816198349 291.05648424476385 9.1109737902879697 25.441143337637186 29.171134958043694 185.57865091878921 10.90220528654754 15.99593188241124 30.565045956522226 94.68299088254571 118.83134306967258 29.069031381979585 25.711263991892338 12.146272789686916 48.664645873010159 13.301141556352375 15.903270646929743 9.7621450535953098 15.935333859175442 67.874867424368858 7.8893932402133933 3.7416705898940554 10.186652053147553 91.776386426761746 22.890450112521648 9.3640195541083795
leaf_count=733 520 1462 1444 40 79 922 67 83 153 1783 90 135 69 238 388 252 53 36 162 95 44 47 41 224 24 15 64 283 52 22
internal_value=-9.38804e-12 -0.00737866 -0.00319132 0.0112196 -0.0125386 0.00639958 -0.0341032 0.0161321 0.00967429 -0.0169593 -0.00782802 -0.00436926 0.0237026 0.0204408 0.0121666 0.000222085 0.012569 0.00942854 0.0033622 0.00727812 -0.00649377 -0.0246947 0.0146529 0.0114181 -0.0101905 -0.00315221 -0.0148771 0.0155912 0.00862675 0.00220847
internal_weight=1856.34 1119.86 968.16 736.481 490.307 477.853 151.696 585.483 315.963 408.167 150.998 140.096 269.521 238.955 144.272 124.1 316.768 82.1407 69.9944 297.796 68.8302 36.9916 31.8386 228.966 37.0605 23.6905 19.9488 191.906 124.031 101.14
internal_count=9620 6741 5212 2879 3504 1708 1529 1882 1104 3227 997 907 778 709 471 772 975 277 241 1064 306 221 85 758 177 126 111 581 357 305
is_linear=0
shrinkage=0.05


Tree=10
num_leaves=31
num_cat=0
split_feature=12 9 3 7 4 1 6 7 4 4 4 9 9 9 9 3 10 9 0 9 9 4 9 6 6 4 6 4 9 7
split_gain=57.5892 45.3116 25.759 21.4254 17.8675 15.3525 14.1024 10.0517 10.0244 9.76964 9.58057 14.5314 9.19721 8.34057 8.21644 9.21206 9.33175 7.81755 8.06661 8.23315 8.17255 7.60041 6.71689 6.70217 9.75327 6.68685 6.47374 6.3276 6.71453 6.75756
threshold=1.0000000180025095e-35 4.5115261463055161 4.7250000000000005 0.17964218435382956 0.93900000000000017 6.5000000000000009 0.61727323869610939 0.44475353868260609 0.43750000000000006 0.68300000000000016 0.9275000000000001 7.6802320380674436 11.678396940843099 0.6116815779187269 2.5973539905681071 4.830000000000001 1.5000000000000002 3.5147461181109936 15.500000000000002 3.9167958014948749 4.0182999483384672 0.81650000000000011 4.1305391137791778 0.22342597654100169 0.23117370195002224 0.76500000000000012 0.24541428099991755 0.96750000000000014 4.4279914331046468 0.49759435650831002
decision_type=2 2 2 2 2 2 2 2 2 2 2 2 2 2 2 2 2 2 2 2 2 2 2 2 2 2 2 2 2 2
left_child=1 4 10 -2 5 8 -6 9 -1 -5 -3 -12 23 -11 15 16 21 26 19 -19 -20 -10 -21 -4 -25 -26 -16 28 -9 -30
right_child=3 2 12 7 6 -7 -8 27 14 13 11 -13 -14 -15 17 -17 -18 18 20 22 -22 -23 -24 24 25 -27 -28 -29 29 -31
leaf_value=-0.057609114013133546 -0.011773924952343969 -0.028542695601311209 0.035804501257228491 -0.04169931836493132 0.044640922430967088 -0.026948248860260815 -0.0213346062306418 0.029315890637647946 -0.0076804923826590057 0.052569804436266257 0.012060911560573744 -0.028354659476862033 -0.021429878227212616 0.0088961363824803675 -0.038981915369563774 0.043030203499295913 0.030869098120435152 0.02769666620507881 -0.044589890994260334 -0.029283433475548373 0.010617688403074015 0.013244592299866374 0.010884023532323518 -0.053395434781645726 -0.023748710738252691 0.0042356483418396927 -0.0062073094681497198 0.044648970705513553 -0.028373844451741594 0.015813390607878671
leaf_weight=6.5345491096377364 76.90104790404439 277.82388448994607 12.869264781475065 9.1165733747184259 42.154931634664536 44.103353044949472 10.026116125285624 112.88940127566457 81.907301504164934 11.505300179123877 41.243020808324218 48.272126318886876 58.944416809827089 219.3582961987704 18.037388317286968 20.961455978453159 37.609296400099993 49.417342580854893 13.741116344928743 14.850901138037441 13.088678088039158 92.29314935579896 34.78790171071887 8.6372916381806117 24.27120997197926 177.16266868356615 91.484196508303285 30.285422917455435 9.3253275305032712 119.9035211019218
leaf_count=56 559 2704 48 64 93 368 27 315 345 28 231 493 469 722 99 53 131 153 85 71 61 257 123 56 217 915 406 75 40 356
internal_value=-6.65114e-11 -0.00619875 -0.0152347 0.0128356 0.00407516 0.00127015 0.0319643 0.0165292 0.00389179 0.00906791 -0.0239592 -0.00973367 -0.0038654 0.0110727 0.00475018 0.0114114 0.00828225 -0.0018364 0.00666237 0.0132495 -0.0176574 0.00340583 -0.00113325 0.000778569 -0.00136717 0.000863752 -0.011605 0.0231023 0.0204071 0.0126248
internal_weight=1809.51 1220.22 649.224 589.285 570.998 518.817 52.181 512.384 474.713 239.98 367.339 89.5151 281.885 230.864 468.179 232.771 211.81 235.408 125.886 99.0561 26.8298 174.2 49.6388 222.94 210.071 201.434 109.522 272.404 242.118 129.229
internal_count=9620 7461 5133 2159 2328 2208 120 1600 1840 814 3428 724 1705 750 1784 786 733 998 493 347 146 602 194 1236 1188 1132 505 786 711 396
is_linear=0
shrinkage=0.05


Tree=11
num_leaves=31
num_cat=0
split_feature=12 9 4 7 9 3 1 4 7 8 4 0 3 3 9 7 6 4 14 2 2 13 9 6 13 1 3 1 9 3
split_gain=50.8905 41.6085 25.2113 18.8553 14.9689 18.0153 14.2611 11.5015 11.4245 8.35739 10.09 8.30604 13.5965 11.0753 8.16224 8.85063 8.06881 7.90384 7.6015 6.82208 6.73481 6.52535 6.49565 6.39439 6.30759 6.19699 6.16829 9.6292 8.11117 13.4714
threshold=1.0000000180025095e-35 4.3039846407918798 0.96750000000000014 0.17964218435382956 8.4638814231061463 4.0750000000000002 7.5000000000000009 0.93900000000000017 0.29117767492693719 0.94689885238071225 0.77800000000000014 1.0000000180025095e-35 4.1400000000000015 4.7350000000000012 2.356007724005508 0.50016559537651517 0.62230564321930526 0.43750000000000006 5.5000000000000009 2.9420634920634927 2.7841614906832302 15.000000000000002 8.0593033807618628 0.33786925669618634 13.000000000000002 6.5000000000000009 4.0750000000000002 4.5000000000000009 1.4193759304876439 3.8250000000000006
decision_type=2 2 2 2 2 2 2 2 2 2 2 2 2 2 2 2 2 2 2 2 2 2 2 2 2 2 2 2 2 2
left_child=1 6 4 -2 5 8 7 17 -3 10 18 22 -13 19 20 -16 -9 -1 -5 -14 -12 -21 -7 -15 -22 -6 27 28 29 -19
right_child=3 2 -4 9 25 11 -8 16 -10 -11 14 12 13 23 15 -17 -18 26 -20 21 24 -23 -24 -25 -26 -27 -28 -29 -30 -31
leaf_value=-0.053869811160948605 -0.011301619427998776 -0.041522479826660262 0.0087733285285509152 0.0041259707828393928 -0.023254186184814851 0.0010362037145227932 -0.02690819194244351 0.042476591561947705 0.0081585173880173688 0.039979120547999465 0.041805864482657024 0.029743043443729862 -0.047882353071733441 0.021043594485130761 0.0061654172684317762 0.022614462562363734 -0.011028086460538216 0.040583882866100367 -0.03911682263364244 -0.037929968948335176 0.039800505736523217 0.030406799458200563 0.042336274564708128 -0.016782652841544465 -0.02393866265469782 -0.04211629058186607 0.0098015724158570777 -0.051143389893683361 -0.0049199415145566297 -0.036507608873906409
leaf_weight=5.7518682368099681 74.509831996634603 62.387292234227061 101.22324720956385 63.450965182855725 189.6069272980094 114.88395942188799 33.676309987902641 34.122198589146137 14.206707514822481 32.978610180318356 51.338490940630436 15.3775652423501 37.87965605314821 17.016868926584721 174.02982192207128 154.26877260580659 8.8801657482981664 24.922570288181305 12.100929487496613 7.7567626871168596 6.9887660108506671 6.3555375058203936 10.38079555518925 32.531059550121427 8.7297489009797555 56.527339486405253 273.10476745478809 9.5192833188921195 131.70687157846987 7.3345518112182608
leaf_count=57 559 614 390 245 1915 642 299 81 104 92 117 79 358 84 595 453 23 67 51 75 22 42 56 204 25 694 1013 81 557 26
internal_value=-3.07539e-11 -0.00589207 -0.014206 0.0121749 -0.0183235 -0.0111717 0.00457668 0.00671721 -0.0323076 0.0156464 0.0139423 -0.00448707 -0.0140716 -0.020707 0.0171418 0.0138949 0.0314277 0.00436807 -0.0028001 -0.0368274 0.033038 -0.0071542 0.00445878 -0.00379151 0.00440105 -0.0275861 0.00511815 -0.00225469 0.00058365 0.023055
internal_weight=1773.55 1195.15 666.134 578.396 564.91 318.776 529.019 495.342 76.594 503.886 470.907 242.182 116.917 101.54 395.356 328.299 43.0024 452.34 75.5519 51.992 67.057 14.1123 125.265 49.5479 15.7185 246.134 446.588 173.483 163.964 32.2571
internal_count=9620 7461 5257 2159 4867 2258 2204 1905 718 1600 1508 1540 842 763 1212 1048 104 1801 296 475 164 117 698 288 47 2609 1744 731 650 93
is_linear=0
shrinkage=0.05


Tree=12
num_leaves=31
num_cat=0
split_feature=9 4 9 4 12 9 3 6 3 5 13 12 2 9 8 0 6 4 6 8 0 6 12 0 5 6 0 0 6 13
split_gain=43.3392 30.8649 25.4106 22.2262 16.5077 20.6014 17.7698 17.4715 15.49 10.7511 13.2492 9.00525 8.86032 8.48592 8.37228 8.29944 7.79623 7.67533 8.45876 7.05973 6.95626 9.58568 7.52538 7.42031 6.90251 13.3432 6.80964 8.04782 6.64406 6.5742
threshold=8.6926143986108517 0.77800000000000014 2.1005973257876347 0.96750000000000014 4.5000000000000009 4.3611608206957362 4.0750000000000002 0.33433917183729756 3.9000000000000008 1.5000000000000002 13.000000000000002 1.0000000180025095e-35 3.0954545454545461 4.1305391137791778 0.73637287220675574 130.50000000000003 0.32410616584842095 0.89550000000000007 0.43535632551528081 0.46948505284973874 88.500000000000014 0.33408156622023816 1.5000000000000002 19.500000000000004 3.5000000000000004 0.35731207895310096 24.500000000000004 16.500000000000004 0.32284753541810524 13.000000000000002
decision_type=2 2 2 2 2 2 2 2 2 2 2 2 2 2 2 2 2 2 2 2 2 2 2 2 2 2 2 2 2 2
left_child=1 2 12 11 5 7 26 16 -4 10 -9 -2 24 -11 -13 -6 -3 18 -17 -12 22 28 23 -8 29 -26 27 -7 -22 -1
right_child=3 4 8 -5 15 6 20 9 -10 13 19 14 -14 -15 -16 17 -18 -19 -20 -21 21 -23 -24 -25 25 -27 -28 -29 -30 -31
leaf_value=0.020874865451491639 -0.026347305524873556 0.018530957953174495 -0.044184326444619497 0.0064929411696873331 0.047096457024102596 -0.027965134991729753 0.0059051992850608047 -0.053330935304407572 -0.010991503895474939 0.0070606542036183127 -0.030367777335976967 -0.021265457269231187 0.049288488025213774 0.040067484493112371 0.017816408462505578 -0.012951044347843738 0.040492277283873279 0.037604254451587292 0.042419282837341289 0.036255688740313742 -0.038536725106842334 -0.063630383434504598 0.020049282479329685 -0.014820778027801752 -0.057409851851616678 0.026687624572967722 -0.047845088325655788 0.020183861558598391 0.054213057137702171 -0.0042280356954426451
leaf_weight=66.175795145332813 228.25118053238839 115.78351140767336 41.25982201565057 90.576226133853197 37.300703763961792 29.518612064421177 169.82019773125648 15.930410597473381 237.28397833462805 241.30982906185091 6.5023632459342489 30.823871651664376 13.093591889366506 21.18225965462625 24.672225043177605 25.709835078567266 62.079222176223993 26.34287653118372 9.4264785107225162 10.235081851482391 3.5261250007897642 8.9306948035955411 63.922527860850096 57.911751557141542 11.037825257517399 8.2360471580177528 22.660543721169233 12.292472845874725 4.267851609736681 43.048084273934364
leaf_count=244 2480 390 415 339 100 265 818 90 1559 814 40 201 37 58 94 54 169 82 23 29 32 85 198 397 62 34 216 76 21 198
internal_value=-1.57145e-11 0.00413369 -0.00714118 -0.0150715 0.00914819 0.00688949 -0.00189949 0.0138172 -0.0159083 0.00635777 -0.0206921 -0.0219552 0.0101057 0.0097242 -0.0038906 0.0284899 0.0261961 0.0172009 0.00190388 0.010373 0.00309149 -0.0282682 0.00488978 0.000634627 0.00611312 -0.0214736 -0.0257722 -0.0138093 0.0122515 0.0109811
internal_weight=1739.11 1364.79 420.135 374.324 944.653 845.873 372.851 473.023 278.544 295.16 32.6679 283.747 141.591 262.492 55.4961 98.7799 177.863 61.4792 35.1363 16.7374 308.379 16.7247 291.654 227.732 128.498 19.2739 64.4716 41.8111 7.79398 109.224
internal_count=9620 6506 2549 3114 3957 3698 2108 1590 1974 1031 159 2775 575 872 295 259 559 159 77 69 1551 138 1413 1215 538 96 557 341 53 442
is_linear=0
shrinkage=0.05


Tree=13
num_leaves=31
num_cat=0
split_feature=12 9 3 4 8 9 12 4 3 2 4 1 0 11 0 4 9 9 6 2 6 6 8 9 0 4 3 8 6 1
split_gain=41.7277 32.9585 23.2899 17.6244 11.8946 10.0267 8.63179 8.55845 8.50803 8.40501 8.14755 7.20887 6.40624 7.50634 6.2087 5.98343 7.22066 10.7695 9.10199 6.4573 6.51525 8.69915 6.12847 5.91131 5.92255 5.85036 5.72563 5.71042 5.621 5.71526
threshold=1.0000000180025095e-35 5.7101739892778491 4.7250000000000005 0.9275000000000001 0.52683332727486165 2.0713746020228085 17.500000000000004 0.82400000000000007 4.8150000000000004 2.3786764705882359 0.64950000000000008 9.5000000000000018 15.500000000000002 1.0000000180025095e-35 216.00000000000003 0.68300000000000016 2.316756682981775 2.6912863827847802 0.34864185374171591 2.9272486772486777 0.22705895123319261 0.31965007960994546 0.21882395603427826 9.7674273681373265 19.500000000000004 0.9165000000000002 4.7500000000000009 0.67699195526859912 0.69584368693553555 14.500000000000002
decision_type=2 2 2 2 2 2 2 2 2 2 2 2 2 2 2 2 2 2 2 2 2 2 2 2 2 2 2 2 2 2
left_child=1 3 25 5 6 8 14 27 12 -5 -7 -9 13 -1 15 -2 -17 -18 19 20 -19 26 -20 24 -23 -3 -22 -4 29 -12
right_child=4 2 7 9 -6 10 -8 11 -10 -11 28 -13 -14 -15 -16 16 17 18 22 -21 21 23 -24 -25 -26 -27 -28 -29 -30 -31
leaf_value=0.0076735299165366175 -0.025995951300505485 -0.030037665609018306 -0.013074541551804864 0.028051691605051794 0.01798692200328798 -0.026712297696587145 0.054139686320652171 0.0046847534606726301 0.042319637186923192 -0.018328482422471048 -0.0015080252056766785 -0.039431153516735949 -0.013047941343085909 0.060768373379944819 -0.023925784661147476 0.02227709169190753 -0.054055194365051087 -0.046845230624615007 -0.033242489512615346 -0.035609995404206417 0.039944586874350992 0.038054312416062719 0.028517387339708152 -0.051538378551564713 -0.0097340194507071279 -0.013641312510557398 -0.013762335189626579 -0.055190499427572093 -0.059224660649646613 -0.043015716116475672
leaf_weight=105.26430027186871 15.399805879220365 187.73924135044217 51.308542240411043 79.851213622838259 301.50669619068503 41.294708874076605 8.0606281310319883 161.25893925875425 17.130610324442387 11.129666063934563 339.06965291593224 9.8242732584476453 36.625570062547922 7.1061539053916922 21.774617480114102 52.673343185335398 8.4508887305855733 6.6241152659058562 4.4514542836695901 14.295385785400866 21.120967242866758 7.9540174230933181 41.136602969840169 6.6542757004499427 35.067343082278967 76.601475132629275 6.4865956120192996 9.5459115449339134 4.4265138171613208 8.5010645240545255
leaf_count=337 107 2128 436 224 1008 394 18 875 39 52 1701 92 236 15 161 166 41 37 27 70 77 20 164 47 182 690 34 101 38 103
internal_value=3.11802e-12 -0.00543606 -0.0151403 0.00196861 0.0112994 -0.00135067 0.003239 -0.00357684 0.0089489 0.022378 -0.00570121 0.00215144 0.00511215 0.0110312 0.00154421 0.00406151 0.0063204 0.000799619 0.00402355 -0.00454755 0.000744599 0.00482363 0.0224868 -0.00768208 -0.000898659 -0.0252863 0.0273258 -0.019681 -0.00323629 -0.00252324
internal_weight=1698.33 1146.68 496.278 650.399 551.657 559.419 250.15 231.938 166.127 90.9809 393.292 171.083 148.996 112.37 242.089 220.315 204.915 152.242 143.791 98.2027 83.9073 77.2832 45.5881 49.6756 43.0214 264.341 27.6076 60.8545 351.997 347.571
internal_count=9620 7461 4322 3139 2159 2863 1151 1504 627 276 2236 967 588 352 1133 972 865 699 658 467 397 360 191 249 202 2818 111 537 1842 1804
is_linear=0
shrinkage=0.05


Tree=14
num_leaves=31
num_cat=0
split_feature=9 7 1 4 7 8 12 10 8 3 9 14 4 4 7 10 2 7 8 7 4 3 16 9 9 14 0 9 11 7
split_gain=37.5234 28.3048 19.5916 19.1993 10.9771 10.1331 10.2889 10.4295 10.9209 9.16495 16.0444 7.98434 7.56483 7.51048 7.31602 6.64474 6.23422 6.07048 7.57027 5.95928 5.94403 6.33184 8.33914 6.99412 11.9872 7.1903 6.08635 6.32016 5.7767 5.65636
threshold=8.6698819795655933 0.17964218435382956 3.5000000000000004 0.96750000000000014 0.60542411575364041 0.78683561640011612 3.5000000000000004 8.5000000000000018 0.51300605657523402 4.0450000000000008 4.5998947308753015 3.5000000000000004 0.68950000000000011 0.64950000000000008 0.30136214777772324 13.500000000000002 2.7138307552320295 0.66701007553178837 0.28416492194158777 0.64489996767387592 0.77800000000000014 4.7250000000000005 2.5000000000000004 4.0730384038198624 7.0780470529060402 5.5000000000000009 26.500000000000004 4.6831501976809768 1.5000000000000002 0.24678706525165089
decision_type=2 2 2 2 2 2 2 2 2 2 2 2 2 2 2 2 2 2 2 2 2 2 2 2 2 2 2 2 2 2
left_child=1 2 9 4 -2 6 7 13 16 10 -1 -7 -4 -3 -8 19 -9 -16 -19 -6 26 22 -22 -23 25 -25 27 -11 -15 -13
right_child=3 5 12 -5 15 11 14 8 -10 20 -12 29 -14 28 17 -17 -18 18 -20 -21 21 23 -24 24 -26 -27 -28 -29 -30 -31
leaf_value=-0.00012927011921903204 -0.024492500785784122 -0.021736356087530186 -0.041127951025098433 0.006115058489428029 0.048594754083447711 0.03637636446913927 -0.021101104907476759 0.020497218909175909 -0.064573125233161596 0.001306484919390976 -0.040167258661572405 0.052874241204441667 -0.012207685574546425 0.0069227568145708365 0.03893692664270848 0.058045180253553236 -0.035450386288805598 0.061286927444153594 0.0012975503117110317 -0.012435646156261809 0.0057533535366798682 0.031962849515054292 -0.046808566317464634 -0.013106480986568594 0.034343346782979532 0.030032416470857873 0.045568485818680379 -0.023834974972230291 0.027367047334959524 0.0017579309138527977
leaf_weight=125.91102105379105 240.8241105703637 19.70446459390223 26.558051135390997 88.95708554238081 4.6672902032732955 72.175916939973831 8.333036005496977 12.544455830007797 10.344636060297487 116.11142909154296 31.227463516406715 6.3386089727282515 152.17549994960427 207.17544025182724 51.395827926695347 5.027146987617015 8.2563222665339691 6.4122279807925215 29.241148203611374 27.969144027680159 147.5529356058687 53.414154123514891 7.9527460224926463 46.537978656589985 30.842602331191301 12.189389159902928 6.4345079772174349 31.85479677002877 41.468132711946964 37.021726258099079
leaf_count=559 2630 169 343 339 21 212 38 47 47 499 368 19 1172 895 150 13 74 17 109 147 624 136 52 188 126 36 35 296 128 131
internal_value=5.02776e-11 0.00398993 -0.00194689 -0.0141072 -0.0205668 0.0131644 0.00935363 0.00479888 -0.0225892 0.0023185 -0.00808585 0.0261886 -0.016505 0.00797763 0.0236552 0.0045347 -0.00170971 0.0279396 0.0120866 -0.00370778 0.00592848 0.0100483 0.00306527 0.0176428 0.00910312 -0.00415262 -0.00203593 -0.00410608 0.0103324 0.00923034
internal_weight=1666.62 1299.17 788.763 367.445 278.488 510.412 394.876 299.493 31.1454 610.029 157.138 115.536 178.734 268.348 95.3822 37.6636 20.8008 87.0492 35.6534 32.6364 452.891 298.49 155.506 142.984 89.57 58.7274 154.401 147.966 248.644 43.3603
internal_count=9620 6470 4434 3150 2811 2036 1674 1360 168 2919 927 362 1515 1192 314 181 121 276 126 168 1992 1162 676 486 350 224 830 795 1023 150
is_linear=0
shrinkage=0.05


end of trees

feature_importances:
distance_km=98
restaurant_popularity=67
cuisine_affinity=46
reservation_availability=43
restaurant_rating=36
price_match=33
user_booking_count=31
user_activity_count=22
previous_bookings=21
user_average_price=19
hour=10
restaurant_price=7
weekday=7
previous_visits=6
previous_clicks=3
meal_period=1

parameters:
[boosting: gbdt]
[objective: lambdarank]
[metric: ndcg]
[tree_learner: serial]
[device_type: cpu]
[data_sample_strategy: bagging]
[data: ]
[valid: ]
[num_iterations: 180]
[learning_rate: 0.05]
[num_leaves: 31]
[num_threads: 0]
[seed: 7]
[deterministic: 1]
[force_col_wise: 0]
[force_row_wise: 1]
[histogram_pool_size: -1]
[max_depth: -1]
[min_data_in_leaf: 20]
[min_sum_hessian_in_leaf: 0.001]
[bagging_fraction: 1]
[pos_bagging_fraction: 1]
[neg_bagging_fraction: 1]
[bagging_freq: 0]
[bagging_seed: 17422]
[bagging_by_query: 0]
[feature_fraction: 0.9]
[feature_fraction_bynode: 1]
[feature_fraction_seed: 7040]
[extra_trees: 0]
[extra_seed: 6516]
[early_stopping_round: 0]
[early_stopping_min_delta: 0]
[first_metric_only: 0]
[max_delta_step: 0]
[lambda_l1: 0]
[lambda_l2: 0]
[linear_lambda: 0]
[min_gain_to_split: 0]
[drop_rate: 0.1]
[max_drop: 50]
[skip_drop: 0.5]
[xgboost_dart_mode: 0]
[uniform_drop: 0]
[drop_seed: 15215]
[top_rate: 0.2]
[other_rate: 0.1]
[min_data_per_group: 100]
[max_cat_threshold: 32]
[cat_l2: 10]
[cat_smooth: 10]
[max_cat_to_onehot: 4]
[top_k: 20]
[monotone_constraints: ]
[monotone_constraints_method: basic]
[monotone_penalty: 0]
[feature_contri: ]
[forcedsplits_filename: ]
[refit_decay_rate: 0.9]
[cegb_tradeoff: 1]
[cegb_penalty_split: 0]
[cegb_penalty_feature_lazy: ]
[cegb_penalty_feature_coupled: ]
[path_smooth: 0]
[interaction_constraints: ]
[verbosity: -1]
[saved_feature_importance_type: 0]
[use_quantized_grad: 0]
[num_grad_quant_bins: 4]
[quant_train_renew_leaf: 0]
[stochastic_rounding: 1]
[linear_tree: 0]
[max_bin: 255]
[max_bin_by_feature: ]
[min_data_in_bin: 3]
[bin_construct_sample_cnt: 200000]
[data_random_seed: 61]
[is_enable_sparse: 1]
[enable_bundle: 1]
[use_missing: 1]
[zero_as_missing: 0]
[feature_pre_filter: 1]
[pre_partition: 0]
[two_round: 0]
[header: 0]
[label_column: ]
[weight_column: ]
[group_column: ]
[ignore_column: ]
[categorical_feature: ]
[forcedbins_filename: ]
[precise_float_parser: 0]
[parser_config_file: ]
[objective_seed: 15521]
[num_class: 1]
[is_unbalance: 0]
[scale_pos_weight: 1]
[sigmoid: 1]
[boost_from_average: 1]
[reg_sqrt: 0]
[alpha: 0.9]
[fair_c: 1]
[poisson_max_delta_step: 0.7]
[tweedie_variance_power: 1.5]
[lambdarank_truncation_level: 30]
[lambdarank_norm: 1]
[label_gain: ]
[lambdarank_position_bias_regularization: 0]
[eval_at: 10]
[multi_error_top_k: 1]
[auc_mu_weights: ]
[num_machines: 1]
[local_listen_port: 12400]
[time_out: 120]
[machine_list_filename: ]
[machines: ]
[gpu_platform_id: -1]
[gpu_device_id: -1]
[gpu_use_dp: 0]
[num_gpu: 1]

end of parameters

pandas_categorical:[]
